indexHash,0,3
510,77
None,None
None,None
None,None
820,3;208,38
719,21
None,None
None,None
518,48
None,None
316,87
419,42
726,24;420,92
829,28
None,None
None,None
None,None
119,14;527,57
120,41
325,52
326,83
None,None
226,45;634,56;124,66
431,58
942,84;636,98
229,13;433,15;739,16;943,60;637,97
None,None
333,88
None,None
None,None
None,None
745,32
950,5;134,80
441,29;135,43
544,50
341,55
546,40;648,68
None,None
None,None
957,81
652,9
143,78
None,None
None,None
None,None
147,2;657,62
760,35;148,44
659,17
558,8;864,12;354,63
457,23;763,79
None,None
561,85
None,None
359,54;767,82
564,93
565,19
158,25
567,70
772,26;160,51
875,71;977,94
672,36
None,None
776,95
471,33
166,37;982,39
None,None
None,None
169,11
986,31;170,76;782,89
477,27
None,None
887,67
990,20
None,None
380,46;992,91
993,90
None,None
689,59
384,10;996,18
283,69;487,100
182,6;386,30;284,64;896,86
None,None
592,73
None,None
None,None
None,None
188,34;494,65
903,47
None,None
None,None
906,53;498,72;294,99
None,None
None,None
None,None
604,49
None,None
198,96
709,1
710,4
303,22;609,74;711,75
916,7
815,61
